0 0.144608 0.259804 0.129085 0.362745
0 0.225490 0.187500 0.039216 0.134804
0 0.267157 0.186275 0.044118 0.142157
0 0.240196 0.375000 0.071895 0.230392
0 0.391340 0.175245 0.034314 0.129902
0 0.651961 0.183824 0.039216 0.142157
0 0.788399 0.327206 0.047386 0.144608
0 0.840686 0.321078 0.050654 0.142157
0 0.277778 0.573529 0.032680 0.147059
0 0.111111 0.745098 0.049020 0.137255
0 0.154412 0.792892 0.044118 0.134804
0 0.277778 0.747549 0.042484 0.147059
0 0.321078 0.799020 0.044118 0.142157
0 0.369281 0.772059 0.045752 0.137255
0 0.678922 0.811275 0.047386 0.156863
0 0.678922 0.655637 0.047386 0.139706
0 0.884804 0.667892 0.047386 0.144608
0 0.727941 0.863971 0.053922 0.154412
0 0.782680 0.843137 0.042484 0.122549
0 0.824346 0.839461 0.040850 0.129902
0 0.870915 0.844363 0.058824 0.169118
0 0.744281 0.678922 0.070261 0.205882
