0 0.428105 0.627451 0.084967 0.284314
0 0.426471 0.382353 0.088235 0.205882
0 0.551471 0.392157 0.076797 0.254902
0 0.073529 0.629902 0.088235 0.259804
0 0.187092 0.901961 0.096405 0.196078
0 0.294118 0.881127 0.101307 0.237745
0 0.420752 0.882353 0.096405 0.235294
0 0.303105 0.647059 0.089869 0.254902
0 0.192810 0.390931 0.081699 0.276961
0 0.553922 0.660539 0.088235 0.286765
0 0.675654 0.884804 0.093137 0.230392
0 0.794935 0.145833 0.086601 0.286765
0 0.671569 0.390931 0.078431 0.272059
0 0.799837 0.394608 0.096405 0.264706
0 0.798203 0.903186 0.116013 0.193627
0 0.555556 0.138480 0.094771 0.272059
0 0.075163 0.133578 0.091503 0.257353
