0 0.771242 0.649237 0.183007 0.331155
0 0.678922 0.574074 0.191176 0.315904
0 0.591503 0.526144 0.183007 0.298475
0 0.344771 0.480392 0.238562 0.220044
0 0.405229 0.391068 0.245098 0.237473
0 0.453431 0.301743 0.223856 0.206972
0 0.560458 0.833333 0.254902 0.285403
0 0.504085 0.907407 0.276144 0.185185
0 0.118464 0.692810 0.217320 0.309368
0 0.191176 0.765795 0.241830 0.328976
0 0.284314 0.825708 0.212418 0.335512
0 0.738562 0.200436 0.166667 0.287582
0 0.869281 0.275599 0.163399 0.298475
0 0.466503 0.096950 0.158497 0.189542
0 0.536765 0.114379 0.158497 0.224401
0 0.618464 0.157952 0.158497 0.215686
