0 0.260000 0.584665 0.275556 0.236422
0 0.205556 0.832268 0.291111 0.252396
0 0.503333 0.809904 0.251111 0.258786
0 0.540000 0.570288 0.235556 0.220447
0 0.725556 0.637380 0.251111 0.233227
0 0.803333 0.832268 0.273333 0.239617
0 0.917778 0.538339 0.124444 0.220447
0 0.734444 0.386581 0.197778 0.146965
0 0.896667 0.238019 0.095556 0.156550
0 0.762222 0.226837 0.128889 0.153355
0 0.532222 0.353035 0.184444 0.156550
0 0.393333 0.327476 0.186667 0.143770
0 0.231111 0.282748 0.160000 0.156550
0 0.107778 0.242812 0.153333 0.134185
0 0.134444 0.102236 0.153333 0.127796
0 0.298889 0.118211 0.148889 0.127796
0 0.477778 0.175719 0.137778 0.146965
0 0.616667 0.202875 0.126667 0.124601
0 0.828889 0.081470 0.155556 0.118211
0 0.690000 0.070288 0.122222 0.108626
0 0.578889 0.065495 0.108889 0.105431
0 0.463333 0.084665 0.113333 0.099042
