0 0.363281 0.881019 0.089063 0.237963
0 0.701302 0.691667 0.096354 0.222222
0 0.734635 0.887037 0.109896 0.225926
0 0.834896 0.886111 0.119792 0.227778
0 0.478385 0.889815 0.088021 0.220370
0 0.479427 0.696296 0.076563 0.220370
0 0.377083 0.681944 0.080208 0.228704
0 0.603385 0.878704 0.103646 0.242593
0 0.575521 0.670833 0.090625 0.217593
0 0.947656 0.850000 0.104688 0.272222
0 0.905469 0.658796 0.110937 0.243519
0 0.261979 0.873611 0.115625 0.252778
0 0.163542 0.871759 0.117708 0.256481
0 0.190885 0.662500 0.086979 0.210185
0 0.285677 0.663889 0.084896 0.224074
0 0.772656 0.584722 0.108854 0.217593
0 0.857292 0.496296 0.103125 0.181481
0 0.668490 0.520833 0.088021 0.193519
0 0.555729 0.505093 0.073958 0.191667
0 0.482552 0.525926 0.070312 0.175926
0 0.392188 0.499537 0.065625 0.191667
0 0.312240 0.495833 0.075521 0.189815
0 0.207552 0.493056 0.088021 0.187963
0 0.221875 0.364352 0.084375 0.156481
0 0.315365 0.356944 0.078646 0.158333
0 0.395052 0.351389 0.055729 0.158333
0 0.467448 0.385185 0.070312 0.181481
0 0.550000 0.356019 0.071875 0.160185
0 0.636198 0.376389 0.068229 0.173148
0 0.738802 0.426389 0.069271 0.180556
0 0.830208 0.351389 0.092708 0.178704
0 0.717448 0.293519 0.075521 0.153704
0 0.241146 0.238889 0.071875 0.140741
0 0.259635 0.131944 0.069271 0.112037
0 0.333854 0.230556 0.073958 0.161111
0 0.401562 0.243056 0.061458 0.156481
0 0.335938 0.131944 0.062500 0.119444
0 0.403646 0.131944 0.054167 0.126852
0 0.462760 0.105556 0.054688 0.094444
0 0.468490 0.290278 0.066146 0.147222
0 0.540104 0.245370 0.061458 0.151852
0 0.536198 0.140278 0.059896 0.123148
0 0.614844 0.143519 0.057813 0.109259
0 0.626563 0.249074 0.066667 0.131481
0 0.687240 0.188889 0.066146 0.129630
0 0.677083 0.090741 0.054167 0.114815
0 0.771094 0.118981 0.065104 0.137963
0 0.793750 0.222685 0.077083 0.143519
