0 0.278125 0.365278 0.221875 0.169444
0 0.518750 0.758333 0.221875 0.169444
0 0.286719 0.756944 0.221875 0.169444
0 0.737500 0.569444 0.204687 0.169444
0 0.507812 0.568056 0.221875 0.169444
0 0.277344 0.558333 0.221875 0.169444
0 0.747266 0.378472 0.213281 0.168056
0 0.508594 0.377778 0.221875 0.169444
0 0.739844 0.742361 0.201563 0.168056
0 0.746875 0.169444 0.221875 0.169444
0 0.737500 0.915278 0.221875 0.169444
0 0.517188 0.915278 0.221875 0.169444
0 0.288281 0.915278 0.221875 0.169444
0 0.282031 0.165278 0.221875 0.169444
0 0.520312 0.168056 0.221875 0.169444
0 0.075391 0.184722 0.149219 0.138889
0 0.087891 0.916667 0.172656 0.152778
0 0.080469 0.745139 0.159375 0.145833
0 0.075391 0.559722 0.149219 0.138889
0 0.075391 0.370833 0.149219 0.138889
