0 0.755000 0.723333 0.175000 0.193333
0 0.888750 0.640000 0.187500 0.180000
0 0.905000 0.506667 0.155000 0.160000
0 0.128750 0.668333 0.187500 0.176667
0 0.267500 0.633333 0.175000 0.166667
0 0.422500 0.585000 0.150000 0.156667
0 0.262500 0.491667 0.165000 0.130000
0 0.177500 0.386667 0.105000 0.160000
0 0.326250 0.383333 0.132500 0.153333
0 0.487500 0.458333 0.140000 0.143333
0 0.761250 0.490000 0.147500 0.166667
0 0.647500 0.351667 0.130000 0.136667
0 0.407500 0.351667 0.115000 0.123333
0 0.775000 0.366667 0.150000 0.146667
0 0.173750 0.376667 0.102500 0.153333
0 0.657500 0.248333 0.135000 0.136667
0 0.087500 0.535000 0.170000 0.130000
0 0.400000 0.240000 0.115000 0.140000
0 0.573750 0.748333 0.212500 0.223333
