0 0.530000 0.341500 0.144000 0.089000
0 0.699000 0.345000 0.158000 0.084000
0 0.872500 0.343000 0.163000 0.086000
0 0.346000 0.439500 0.168000 0.075000
0 0.148500 0.440500 0.181000 0.077000
0 0.143000 0.533500 0.170000 0.079000
0 0.353000 0.537000 0.170000 0.082000
0 0.532500 0.536500 0.147000 0.081000
0 0.695500 0.535000 0.151000 0.078000
0 0.861500 0.539500 0.149000 0.085000
0 0.151000 0.637000 0.178000 0.092000
0 0.355500 0.637500 0.165000 0.083000
0 0.530500 0.643000 0.147000 0.082000
0 0.694000 0.647000 0.154000 0.082000
0 0.852000 0.644500 0.134000 0.089000
0 0.345500 0.340000 0.185000 0.078000
0 0.135000 0.340000 0.164000 0.084000
