0 0.077720 0.120833 0.089810 0.195000
0 0.190846 0.119167 0.094991 0.198333
0 0.303972 0.127500 0.079447 0.175000
0 0.810017 0.557500 0.079447 0.175000
0 0.298791 0.559167 0.079447 0.175000
0 0.500864 0.557500 0.079447 0.175000
0 0.607945 0.342500 0.079447 0.175000
0 0.511226 0.124167 0.079447 0.175000
0 0.405872 0.127500 0.079447 0.175000
0 0.704663 0.562500 0.079447 0.175000
0 0.189983 0.342500 0.079447 0.175000
0 0.612263 0.120000 0.077720 0.196667
0 0.405009 0.556667 0.077720 0.196667
0 0.919689 0.543333 0.077720 0.196667
0 0.406736 0.345000 0.077720 0.196667
0 0.075130 0.343333 0.077720 0.196667
0 0.926598 0.108333 0.077720 0.196667
0 0.185665 0.550833 0.094991 0.198333
0 0.705527 0.345833 0.094991 0.198333
0 0.711572 0.120833 0.075993 0.168333
0 0.814335 0.120000 0.091537 0.170000
0 0.604491 0.555833 0.089810 0.195000
0 0.298791 0.345833 0.089810 0.195000
0 0.512953 0.341667 0.100173 0.193333
0 0.811744 0.333333 0.100173 0.193333
0 0.921416 0.340000 0.091537 0.170000
0 0.075130 0.566667 0.091537 0.170000
