0 0.169531 0.050000 0.239063 0.097222
0 0.483984 0.057639 0.203906 0.112500
0 0.791797 0.060417 0.225781 0.118056
0 0.165625 0.194444 0.196875 0.127778
0 0.480859 0.208333 0.194531 0.113889
0 0.810156 0.206944 0.204687 0.119444
0 0.178125 0.356944 0.226562 0.113889
0 0.482422 0.359722 0.192969 0.122222
0 0.807422 0.361111 0.230469 0.122222
0 0.148828 0.502083 0.246094 0.129167
0 0.483594 0.513889 0.209375 0.127778
0 0.807031 0.521528 0.218750 0.109722
0 0.155078 0.657639 0.264844 0.148611
0 0.467187 0.682639 0.195312 0.120833
0 0.805859 0.676389 0.227344 0.141667
0 0.831250 0.840278 0.232813 0.161111
0 0.626953 0.904167 0.317969 0.191667
