0 0.127500 0.741667 0.235000 0.156667
0 0.346250 0.791667 0.212500 0.136667
0 0.616250 0.811667 0.222500 0.130000
0 0.866250 0.683333 0.202500 0.120000
0 0.642500 0.655000 0.205000 0.130000
0 0.417500 0.641667 0.215000 0.156667
0 0.211250 0.606667 0.192500 0.126667
0 0.312500 0.491667 0.190000 0.136667
0 0.535000 0.515000 0.180000 0.123333
0 0.725000 0.526667 0.185000 0.140000
0 0.915000 0.548333 0.170000 0.143333
0 0.867500 0.396667 0.170000 0.126667
0 0.551250 0.378333 0.152500 0.110000
0 0.388750 0.366667 0.157500 0.120000
0 0.412500 0.245000 0.225000 0.143333
0 0.638750 0.260000 0.232500 0.140000
0 0.882500 0.275000 0.230000 0.143333
0 0.523750 0.143333 0.227500 0.140000
0 0.770000 0.146667 0.235000 0.146667
0 0.867500 0.816667 0.230000 0.160000
