0 0.047500 0.530100 0.090000 0.177258
0 0.141250 0.510033 0.102500 0.163880
0 0.241250 0.506689 0.072500 0.163880
0 0.322500 0.518395 0.075000 0.200669
0 0.442500 0.528428 0.070000 0.187291
0 0.513750 0.531773 0.072500 0.173913
0 0.598750 0.536789 0.072500 0.183946
0 0.093750 0.342809 0.087500 0.157191
0 0.180000 0.347826 0.065000 0.133779
0 0.257500 0.331104 0.070000 0.147157
0 0.352500 0.324415 0.060000 0.133779
0 0.432500 0.336120 0.065000 0.150502
0 0.510000 0.339465 0.065000 0.143813
0 0.595000 0.344482 0.065000 0.160535
0 0.682500 0.359532 0.065000 0.163880
0 0.771250 0.364548 0.062500 0.153846
0 0.707500 0.548495 0.075000 0.173913
0 0.787500 0.545151 0.070000 0.187291
0 0.862500 0.379599 0.080000 0.150502
0 0.883750 0.551839 0.082500 0.180602
