0 0.193333 0.117778 0.315556 0.146667
0 0.540000 0.117778 0.306667 0.155556
0 0.842222 0.102222 0.280000 0.151111
0 0.200000 0.264444 0.293333 0.146667
0 0.535556 0.257778 0.271111 0.151111
0 0.848889 0.251111 0.275556 0.173333
0 0.208889 0.404444 0.284444 0.160000
0 0.542222 0.400000 0.266667 0.160000
0 0.833333 0.393333 0.280000 0.146667
0 0.197778 0.551111 0.306667 0.160000
0 0.540000 0.551111 0.288889 0.168889
0 0.837778 0.544444 0.271111 0.137778
0 0.202222 0.713333 0.280000 0.182222
0 0.537778 0.706667 0.257778 0.160000
0 0.828889 0.715556 0.253333 0.177778
0 0.537778 0.893333 0.311111 0.213333
