0 0.120000 0.088443 0.235294 0.143868
0 0.392941 0.084906 0.240000 0.160377
0 0.651765 0.090802 0.235294 0.158019
0 0.888235 0.086085 0.200000 0.153302
0 0.134118 0.308962 0.249412 0.165094
0 0.396471 0.293632 0.232941 0.167453
0 0.884706 0.286557 0.192941 0.162736
0 0.122353 0.510613 0.240000 0.143868
0 0.384706 0.502358 0.209412 0.155660
0 0.636471 0.507075 0.223529 0.155660
0 0.881176 0.512972 0.209412 0.153302
0 0.123529 0.696934 0.232941 0.162736
0 0.392941 0.687500 0.249412 0.120283
0 0.641176 0.699292 0.218824 0.134434
0 0.881176 0.704009 0.228235 0.134434
0 0.121176 0.897406 0.228235 0.158019
0 0.380000 0.905660 0.237647 0.150943
0 0.634118 0.904481 0.223529 0.153302
0 0.876471 0.892689 0.218824 0.125000
