0 0.114396 0.101786 0.167095 0.146429
0 0.321337 0.103571 0.221080 0.171429
0 0.564267 0.107143 0.239075 0.164286
0 0.832905 0.091071 0.272494 0.167857
0 0.125964 0.273214 0.190231 0.146429
0 0.366324 0.280357 0.233933 0.167857
0 0.633676 0.287500 0.254499 0.167857
0 0.886889 0.273214 0.174807 0.132143
0 0.152956 0.448214 0.259640 0.146429
0 0.385604 0.455357 0.174807 0.153571
0 0.591260 0.462500 0.185090 0.139286
0 0.852185 0.471429 0.264781 0.192857
0 0.163239 0.623214 0.264781 0.153571
0 0.415167 0.623214 0.203085 0.125000
0 0.638817 0.639286 0.218509 0.185714
0 0.870180 0.651786 0.197943 0.132143
0 0.131105 0.814286 0.190231 0.157143
0 0.365039 0.817857 0.246787 0.185714
0 0.601542 0.814286 0.210797 0.150000
0 0.854756 0.841071 0.254499 0.217857
